0 => NZ = 400
searching for np: 133 got 15
1 => NZ = 400
searching for np: 266 got 32
Partition array:
0
15
32
48
2 => NZ = 400

********

********
Rank: 0, local nz: 131
*******

********
Rank: 2, local nz: 136
*******
Rank: 1, local nz: 133
*******
Partiton for rank 0 
Thread[0] = 0
Thread[1] = 3
Thread[2] = 6
Thread[3] = 10
Thread[4] = 13
Thread[5] = 15
Partiton for rank 2 
Thread[0] = 32
Thread[1] = 35
Thread[2] = 39
Thread[3] = 42
Thread[4] = 45
Thread[5] = 48
Partiton for rank 1 
Thread[0] = 15
Thread[1] = 17
Thread[2] = 20
Thread[3] = 23
Thread[4] = 28
Thread[5] = 32

NP = 3, Time taken: 19716
Y[0] = 3.370800
Y[1] = 9.261499

NP = 3, Time taken: 22229
Y[2] = -14.576400
Y[3] = 930.199707
Y[4] = 1362.400757
Y[5] = 2573.800537
Y[6] = 6.434000
Y[7] = 14.106501
Y[8] = -15.042000
Y[9] = 1354.199463
Y[10] = 1679.067505
Y[11] = 3162.867432
Y[12] = 4.520599
Y[13] = -0.334899
Y[14] = -16.458002
Y[15] = 6377.012695
Y[16] = 3827.708984
Y[17] = 3408.038330
Y[18] = 23.353203
Y[19] = -26.533901
Y[20] = -5.559600
Y[21] = 3159.798584
Y[22] = 2803.601807
Y[23] = 4316.199219
Y[24] = 8.052200
Y[25] = -6.752100
Y[26] = -1.771599
Y[27] = 5729.999023
Y[28] = 2254.049316
Y[29] = 1499.500854
Y[30] = -10.780800
Y[31] = 77.065605
Y[32] = -23.633400
Y[33] = 6385.998535
Y[34] = 6906.735352
Y[35] = 11109.833984
Y[36] = -10.058399
Y[37] = -21.386402
Y[38] = 25.965401
Y[39] = 8246.500000
Y[40] = 7908.835938
Y[41] = 11968.334961
Y[42] = 13.478000
Y[43] = -21.405903
Y[44] = 15.463202
Y[45] = 14002.290039
Y[46] = 5182.967773
Y[47] = 2145.894043

NP = 3, Time taken: 24370
