2 => NZ = 400
3 => NZ = 400
0 => NZ = 400
1 => NZ = 400
searching for np: 200 got 22
searching for np: 100 got 12
searching for np: 300 got 36
Partition array:
0
12
22
36
48

********

********
Rank: 3, local nz: 104
*******

********

********
Rank: 2, local nz: 98
*******
Rank: 1, local nz: 102
*******
Rank: 0, local nz: 96
*******
Partiton for rank 3 
Thread[0] = 36
Thread[1] = 38
Thread[2] = 41
Thread[3] = 43
Thread[4] = 45
Thread[5] = 48
Partiton for rank 1 
Thread[0] = 12
Thread[1] = 14
Thread[2] = 15
Thread[3] = 17
Thread[4] = 19
Thread[5] = 22
Partiton for rank 2 
Thread[0] = 22
Thread[1] = 24
Thread[2] = 28
Thread[3] = 31
Thread[4] = 33
Thread[5] = 36
Partiton for rank 0 
Thread[0] = 0
Thread[1] = 2
Thread[2] = 5
Thread[3] = 7
Thread[4] = 9
Thread[5] = 12

NP = 4, Time taken: 25582

NP = 4, Time taken: 25745

NP = 4, Time taken: 19254
Y[0] = 3.370800
Y[1] = 9.261499
Y[2] = -14.576400
Y[3] = 930.199768
Y[4] = 1362.400635
Y[5] = 2573.800537
Y[6] = 6.434000
Y[7] = 14.106499
Y[8] = -15.042000
Y[9] = 1354.199463
Y[10] = 1679.067505
Y[11] = 3162.867432
Y[12] = 4.520599
Y[13] = -0.334900
Y[14] = 0.000000
Y[15] = 6377.012695
Y[16] = 3827.708984
Y[17] = 3408.038330
Y[18] = 23.353203
Y[19] = -26.533901
Y[20] = -5.559600
Y[21] = 3159.798584
Y[22] = 2803.601807
Y[23] = 4316.199707
Y[24] = 8.052200
Y[25] = -6.752100
Y[26] = -1.771599
Y[27] = 5729.999512
Y[28] = 2254.049316
Y[29] = 1499.500854
Y[30] = -10.780800
Y[31] = 77.065605
Y[32] = -23.633398
Y[33] = 6385.998535
Y[34] = 6906.735352
Y[35] = 11109.833984
Y[36] = -10.058399
Y[37] = -21.386398
Y[38] = 25.965401
Y[39] = 8246.500000
Y[40] = 7908.835938
Y[41] = 11968.334961
Y[42] = 13.478000
Y[43] = -21.405901
Y[44] = 15.463201
Y[45] = 14002.290039
Y[46] = 5182.967773
Y[47] = 2145.894043

NP = 4, Time taken: 33888
